millis|latitude|longitude|satellites|hdop|kmh|altitude
1125|48.413516|9.071516|5|2.8|0.30|481.90
7238|48.413524|9.071528|5|2.8|0.93|480.40
13263|48.413524|9.071526|5|2.8|0.61|479.10
19273|48.413520|9.071555|5|2.8|0.41|479.40
25283|48.413513|9.071558|5|2.8|0.44|477.80
31292|48.413513|9.071557|5|2.8|0.15|478.10
37301|48.413513|9.071563|5|2.8|0.06|478.40
43310|48.413509|9.071566|5|2.8|0.26|478.60
49319|48.413513|9.071555|5|2.8|0.11|477.50
55329|48.413513|9.071583|5|2.8|1.98|477.70
61339|48.413516|9.071583|5|2.8|0.13|478.30
67349|48.413520|9.071607|4|2.9|1.72|478.40
73358|48.413524|9.071643|4|2.9|3.28|478.60
79367|48.413532|9.071621|5|2.8|0.31|478.20
85377|48.413532|9.071604|5|2.8|0.09|480.00
91386|48.413528|9.071596|5|2.8|0.09|480.10
97396|48.413513|9.071613|5|2.8|0.11|480.80
103406|48.413509|9.071634|5|2.8|1.19|480.70
109416|48.413509|9.071619|5|2.9|0.11|480.60
115425|48.413509|9.071618|5|2.9|0.33|480.40
121440|48.413513|9.071613|5|2.9|0.09|481.40
127554|48.413501|9.071626|5|2.9|0.85|481.40
133668|48.413501|9.071611|6|1.1|0.35|480.10
139782|48.413509|9.071596|6|1.1|0.44|480.40
145864|48.413520|9.071587|6|1.1|0.15|482.10
151876|48.413520|9.071598|6|1.1|0.22|484.00
157886|48.413520|9.071609|6|1.1|0.26|484.90
163895|48.413513|9.071629|6|1.1|0.35|485.70
169904|48.413513|9.071637|6|1.1|0.43|486.10
175913|48.413528|9.071635|6|1.1|0.78|487.40
181923|48.413524|9.071630|6|1.1|0.31|484.70
187933|48.413520|9.071634|6|1.1|0.41|484.70
193943|48.413520|9.071618|6|1.1|0.59|484.20
199952|48.413516|9.071596|6|1.1|0.46|482.20
205961|48.413516|9.071583|6|1.1|0.20|481.10
211970|48.413516|9.071578|6|1.1|0.37|481.30
217981|48.413509|9.071591|6|1.1|1.56|480.30
223991|48.413509|9.071599|6|1.1|0.22|479.90
230001|48.413528|9.071584|6|1.1|0.15|483.60
236011|48.413536|9.071580|6|1.1|1.56|485.20
242020|48.413539|9.071590|6|1.1|1.09|485.00
248029|48.413532|9.071585|6|1.1|0.19|484.10
254045|48.413532|9.071576|7|1.0|0.19|482.50
260162|48.413528|9.071572|7|1.0|0.30|482.50
266276|48.413532|9.071573|7|1.0|0.83|481.90
272390|48.413532|9.071574|7|1.0|0.83|481.60
278455|48.413539|9.071570|8|1.0|0.17|482.20
284464|48.413547|9.071567|8|1.0|0.41|483.40
290475|48.413543|9.071567|8|1.0|0.15|483.40
296484|48.413536|9.071566|8|1.0|0.19|482.60
302494|48.413539|9.071566|8|1.0|0.67|483.20
308504|48.413547|9.071566|8|1.0|0.98|483.40
314513|48.413547|9.071563|8|1.0|0.09|483.60
320522|48.413539|9.071563|8|1.0|0.06|481.30
326531|48.413536|9.071565|8|1.0|0.09|481.30
332540|48.413536|9.071566|8|1.0|0.17|480.90
338550|48.413536|9.071575|8|1.0|1.02|481.50
344560|48.413547|9.071579|8|1.0|1.37|483.70
350570|48.413543|9.071581|8|1.0|0.28|484.50
356580|48.413543|9.071585|8|1.0|1.00|484.40
362589|48.413547|9.071592|9|0.9|0.31|485.50
368598|48.413566|9.071593|9|0.9|0.98|489.30
374607|48.413589|9.071608|8|1.1|0.59|494.30
380617|48.413578|9.071606|8|1.1|0.48|493.70
386634|48.413574|9.071588|9|0.9|0.48|491.00
392750|48.413578|9.071576|9|0.9|0.30|491.00
398862|48.413578|9.071575|10|0.9|0.19|492.40
404977|48.413578|9.071573|10|0.9|0.35|493.40
411063|48.413578|9.071566|10|0.9|0.15|493.70
417072|48.413581|9.071561|10|0.9|0.41|494.20
423081|48.413585|9.071559|10|0.9|0.30|494.00
429092|48.413581|9.071561|10|0.9|0.35|493.00
435102|48.413574|9.071561|10|0.9|0.15|491.50
441112|48.413566|9.071562|10|0.9|0.00|489.40
447121|48.413566|9.071566|10|0.9|0.06|488.50
453130|48.413570|9.071570|10|0.9|0.33|488.30
459139|48.413566|9.071577|10|0.9|0.17|487.90
465148|48.413562|9.071580|10|0.9|0.04|487.30
471158|48.413562|9.071582|10|0.9|0.09|488.20
477168|48.413562|9.071586|10|0.9|0.13|488.40
483178|48.413558|9.071585|10|0.9|0.15|488.20
489187|48.413558|9.071584|10|0.9|0.11|488.20
495197|48.413555|9.071583|10|0.9|0.11|489.40
501206|48.413547|9.071587|10|0.9|0.22|488.60
507215|48.413543|9.071588|10|0.9|0.15|488.30
513225|48.413543|9.071588|10|0.9|0.15|488.40
519291|48.413539|9.071593|10|0.9|0.17|488.50
525405|48.413536|9.071598|10|0.9|0.17|487.80
531518|48.413536|9.071599|10|0.9|0.31|487.90
537633|48.413536|9.071599|10|0.9|0.09|487.90
543657|48.413536|9.071600|10|0.9|0.67|487.70
549667|48.413536|9.071601|10|0.9|0.54|488.20
555677|48.413532|9.071601|10|0.9|0.30|488.00
561694|48.413536|9.071603|10|0.9|0.24|489.10
567705|48.413536|9.071601|10|0.8|0.04|490.10
573715|48.413536|9.071603|10|0.8|0.13|489.80
579725|48.413532|9.071605|10|0.9|0.13|489.60
585735|48.413532|9.071607|10|0.8|0.52|490.70
591746|48.413528|9.071603|10|0.8|0.13|490.20
597756|48.413528|9.071603|10|0.8|0.37|490.80
603767|48.413528|9.071599|10|0.8|1.02|490.80
609778|48.413528|9.071600|10|0.8|0.94|490.10
615789|48.413532|9.071597|10|0.8|0.19|488.80
621799|48.413536|9.071595|10|0.8|0.11|488.50
627810|48.413536|9.071601|10|0.8|0.19|489.00
633820|48.413536|9.071605|10|0.8|0.11|489.30
639831|48.413536|9.071605|10|0.8|0.04|489.30
645858|48.413536|9.071604|10|0.8|0.04|488.90
651985|48.413536|9.071608|10|0.8|0.11|488.90
658113|48.413532|9.071608|10|0.8|0.52|488.40
664241|48.413532|9.071612|10|0.8|0.19|488.70
670269|48.413536|9.071620|10|0.8|0.17|489.70
676279|48.413532|9.071620|10|0.9|0.24|489.40
682289|48.413536|9.071614|10|0.9|0.02|488.50
688300|48.413536|9.071608|10|0.8|0.11|488.30
694311|48.413536|9.071605|10|0.8|0.15|488.20
700322|48.413547|9.071603|10|0.8|2.96|488.70
706333|48.413547|9.071592|10|0.8|0.20|487.80
712344|48.413539|9.071597|10|0.8|0.13|487.00
718354|48.413532|9.071599|10|0.8|0.11|485.70
724364|48.413528|9.071597|10|0.8|0.17|485.40
730374|48.413528|9.071592|10|0.8|0.07|484.80
736385|48.413528|9.071591|10|0.8|0.11|484.70
742395|48.413524|9.071591|10|0.8|0.19|484.40
748406|48.413524|9.071593|10|0.8|0.13|484.70
754417|48.413524|9.071595|10|0.8|0.15|485.40
760429|48.413524|9.071592|10|0.8|0.02|485.40
766439|48.413528|9.071591|10|0.8|0.06|485.20
772469|48.413536|9.071597|9|1.0|0.06|485.70
778596|48.413524|9.071609|9|1.0|1.26|485.70
784722|48.413509|9.071594|10|0.9|0.19|486.40
790850|48.413501|9.071595|10|0.8|0.13|486.40
796881|48.413501|9.071590|10|0.8|0.13|485.60
802892|48.413509|9.071588|10|0.8|0.09|485.30
808903|48.413513|9.071583|10|0.8|0.17|485.20
814914|48.413520|9.071583|10|0.8|0.11|486.10
820924|48.413520|9.071580|10|0.9|0.24|486.20
826935|48.413520|9.071579|10|0.9|0.04|485.60
832945|48.413520|9.071578|10|0.8|0.07|485.10
838956|48.413520|9.071578|10|0.8|0.09|485.30
844966|48.413520|9.071581|10|0.8|0.15|485.40
850977|48.413520|9.071583|10|0.8|0.11|485.30
856988|48.413524|9.071584|10|0.8|0.04|485.60
862999|48.413520|9.071586|10|0.8|0.04|485.80
869009|48.413516|9.071589|10|0.8|0.04|485.80
875019|48.413516|9.071590|10|0.8|0.07|485.30
881029|48.413513|9.071589|10|0.8|0.07|485.00
887040|48.413509|9.071588|10|0.8|0.07|485.00
893051|48.413497|9.071595|10|0.8|2.63|485.10
899081|48.413490|9.071599|10|0.8|2.63|485.20
905206|48.413494|9.071605|10|0.8|0.52|485.20
911335|48.413490|9.071611|10|0.9|0.07|484.20
917465|48.413490|9.071601|9|0.9|0.76|484.70
923484|48.413490|9.071597|10|0.8|0.76|485.30
929495|48.413494|9.071595|10|0.8|0.33|485.50
935505|48.413497|9.071597|10|0.8|0.11|485.70
941516|48.413497|9.071605|10|0.8|0.24|485.40
947527|48.413486|9.071600|10|0.8|2.52|485.90
953538|48.413448|9.071606|10|0.8|2.20|484.90
959548|48.413471|9.071588|10|0.8|1.11|484.90
965559|48.413455|9.071567|10|0.9|0.15|485.00
971569|48.413452|9.071562|10|0.9|0.33|485.10
977580|48.413448|9.071563|10|0.8|0.37|485.70
983590|48.413448|9.071582|10|0.8|0.98|486.70
989601|48.413444|9.071602|10|0.8|0.26|488.50
995612|48.413444|9.071601|10|0.8|0.87|488.50
1001623|48.413448|9.071612|10|0.8|0.48|489.40
1007633|48.413448|9.071618|10|0.8|0.35|489.70
1013643|48.413448|9.071622|10|0.8|0.13|489.30
1019659|48.413448|9.071619|10|0.8|0.13|489.10
1025697|48.413448|9.071619|10|0.8|0.13|488.80
1031835|48.413448|9.071614|10|0.8|0.06|488.50
1037963|48.413448|9.071619|10|0.8|0.22|488.80
1044080|48.413448|9.071622|9|0.9|1.00|488.40
1050091|48.413448|9.071640|10|0.8|0.31|490.00
1056101|48.413440|9.071619|10|0.8|0.24|491.90
1062111|48.413429|9.071612|10|0.8|0.11|491.10
1068121|48.413440|9.071608|10|0.8|0.48|490.90
1074131|48.413444|9.071610|10|0.8|4.30|491.50
1080142|48.413459|9.071582|10|0.8|2.72|494.50
1086153|48.413440|9.071539|10|0.8|3.61|521.00
1092164|48.413543|9.071625|10|0.8|11.00|549.80
1098176|48.413547|9.071738|10|0.8|7.98|577.20
1104186|48.413520|9.071923|10|0.8|11.22|602.00
1110196|48.413612|9.072154|10|0.8|11.24|632.20
1116206|48.413677|9.072319|10|0.8|12.24|653.80
1122216|48.413642|9.072549|10|0.8|7.98|679.10
1128227|48.413589|9.072596|10|0.8|4.26|704.90
1134238|48.413631|9.072604|10|0.8|1.76|728.10
1140249|48.413616|9.072605|10|0.8|4.69|747.30
1146259|48.413593|9.072790|10|0.8|11.46|769.40
1152288|48.413619|9.072916|10|0.8|11.46|794.70
1158428|48.413646|9.073238|10|0.8|13.11|794.70
1164556|48.413623|9.073477|10|0.8|7.76|832.10
1170683|48.413574|9.073647|10|0.8|8.28|852.30
1176721|48.413562|9.073666|10|0.8|2.61|874.70
1182731|48.413612|9.073805|10|0.8|7.52|898.60
1188741|48.413791|9.073918|10|0.8|10.56|915.50
1194752|48.413883|9.074185|10|0.8|9.96|930.20
1200762|48.413867|9.074428|10|0.8|9.04|948.60
1206773|48.413871|9.074585|10|0.8|8.45|970.00
1212784|48.413936|9.074800|10|0.8|11.74|994.80
1218795|48.413913|9.074873|10|0.8|1.33|1015.20
1224807|48.413963|9.074932|10|0.8|4.82|1033.70
1230817|48.414062|9.075034|10|0.8|11.13|1054.00
1236827|48.414196|9.075195|10|0.8|13.15|1073.10
1242838|48.414321|9.075441|10|0.8|12.59|1092.50
1248848|48.414413|9.075738|10|0.8|14.28|1111.70
1254859|48.414535|9.075935|10|0.8|9.20|1129.10
1260870|48.414630|9.076196|10|0.8|12.09|1147.00
1266881|48.414588|9.076463|10|0.8|10.06|1169.60
1272909|48.414577|9.076568|10|0.8|11.39|1194.10
1279037|48.414539|9.076912|10|0.8|11.85|1194.10
1285166|48.414474|9.077036|10|0.8|2.89|1245.10
1291308|48.414531|9.077143|10|0.8|10.52|1269.40
1297348|48.414508|9.077347|10|0.8|9.82|1299.90
1303358|48.414573|9.077400|10|0.8|4.13|1327.70
1309368|48.414691|9.077500|10|0.8|4.52|1346.00
1315378|48.414775|9.077591|10|0.8|11.76|1367.10
1321389|48.414855|9.077757|10|0.8|15.11|1391.00
1327399|48.414920|9.078038|10|0.8|14.11|1412.60
1333410|48.414962|9.078332|10|0.8|13.76|1431.80
1339421|48.414970|9.078628|10|0.8|13.20|1450.90
1345432|48.414924|9.078888|10|1.0|12.93|1473.10
1351445|48.414844|9.079103|8|1.5|5.69|1495.10
1357455|48.414852|9.079253|10|0.8|11.37|1525.70
1363465|48.414836|9.079520|10|0.8|12.15|1549.70
1369475|48.414813|9.079674|10|0.8|10.56|1582.00
1375485|48.414695|9.079812|10|0.8|4.26|1607.00
1381496|48.414691|9.079923|10|0.8|8.33|1636.50
1387507|48.414642|9.080217|10|0.8|14.69|1663.60
1393537|48.414527|9.080442|10|0.8|10.67|1687.10
1399663|48.414390|9.080598|10|0.8|8.41|1687.10
1405791|48.414306|9.080675|10|0.8|6.39|1734.70
1411918|48.414257|9.080722|10|0.8|2.83|1757.30
1417976|48.414192|9.080780|10|0.8|7.35|1778.30
1423987|48.414096|9.080986|10|0.8|13.45|1805.80
1429998|48.413955|9.081217|10|0.8|9.54|1826.30
1436008|48.413879|9.081418|10|0.8|14.80|1857.60
1442018|48.413814|9.081560|10|0.8|11.30|1889.10
1448028|48.413619|9.081776|10|0.8|14.04|1916.70
1454039|48.413425|9.082014|10|0.8|26.24|1944.60
1460049|48.413200|9.082255|10|0.8|17.59|1965.30
1466060|48.412952|9.082548|10|0.8|19.19|1985.20
1472071|48.412704|9.082790|10|0.8|21.11|2004.30
1478084|48.412456|9.083007|10|0.8|18.04|2023.60
1484094|48.412284|9.083117|10|0.8|9.19|2048.70
1490104|48.412136|9.083387|10|0.8|19.41|2079.90
1496114|48.411983|9.083525|10|0.8|16.59|2112.20
1502125|48.411735|9.083683|10|0.8|11.39|2144.80
1508135|48.411609|9.083824|10|0.8|11.52|2170.40
1514164|48.411437|9.084091|10|0.8|16.59|2190.60
1520291|48.411212|9.084402|10|0.8|19.87|2190.60
1526420|48.410957|9.084711|10|0.8|24.15|2235.50
1532549|48.410617|9.084985|10|0.8|26.04|2259.50
1538609|48.410293|9.085100|10|0.8|17.89|2285.40
1544621|48.409992|9.085303|10|0.8|24.84|2309.30
1550631|48.409709|9.085414|10|0.8|14.24|2331.00
1556642|48.409561|9.085520|10|0.8|14.63|2361.60
1562653|48.409378|9.085658|10|0.8|11.07|2395.90
1568664|48.409156|9.085729|10|0.8|13.52|2418.90
1574674|48.408996|9.085861|10|0.8|17.35|2450.40
1580684|48.408702|9.085931|10|0.8|21.13|2474.90
1586694|48.408405|9.086030|10|0.8|19.80|2491.10
1592705|48.408100|9.086149|10|0.8|22.08|2509.70
1598715|48.407855|9.086390|10|0.8|15.61|2535.60
1604731|48.407672|9.086491|10|0.8|19.39|2567.70
1610742|48.407489|9.086669|10|0.8|9.83|2601.90
1616753|48.407203|9.086800|10|0.8|21.52|2633.40
1622764|48.406959|9.087030|10|0.8|17.43|2659.60
1628774|48.406806|9.087246|10|0.9|15.32|2682.90
1634802|48.406639|9.087511|10|0.8|15.32|2704.00
1640931|48.406349|9.087840|10|0.8|24.82|2704.00
1647058|48.406036|9.088029|10|0.8|20.26|2754.20
1653184|48.405757|9.088102|10|0.8|18.13|2779.20
1659236|48.405544|9.088112|10|0.8|12.39|2797.00
1665246|48.405380|9.088293|10|0.8|19.67|2819.20
1671257|48.405128|9.088528|10|0.8|14.67|2851.20
1677267|48.404956|9.088782|10|0.8|23.08|2885.20
1683278|48.404670|9.089074|10|0.8|24.95|2911.10
1689289|48.404354|9.089216|10|0.8|21.91|2936.70
1695300|48.404029|9.089449|10|0.8|21.22|2957.50
1701310|48.403751|9.089714|10|0.8|19.52|2977.30
1707320|48.403442|9.089845|10|0.8|26.71|3007.60
1713330|48.403068|9.089838|10|0.8|21.24|3035.70
1719341|48.402797|9.089948|10|0.8|25.02|3064.70
1725351|48.402442|9.090188|10|0.8|28.00|3087.10
1731363|48.402072|9.090376|10|0.8|26.19|3106.40
1737374|48.401634|9.090449|10|0.8|29.52|3132.40
1743385|48.401275|9.090430|10|0.8|25.11|3164.20
1749395|48.400856|9.090429|10|0.8|22.02|3200.10
1755422|48.400539|9.090490|10|0.8|30.08|3236.00
1761552|48.399997|9.090511|10|0.8|26.71|3236.00
1767680|48.399669|9.090538|10|0.8|28.48|3301.00
1773807|48.399230|9.090637|10|0.8|25.91|3334.80
1779873|48.398872|9.090555|10|0.8|19.85|3359.40
1785884|48.398513|9.090657|10|0.8|28.63|3390.80
1791895|48.398048|9.090661|10|0.8|31.89|3423.60
1797906|48.397518|9.090782|10|0.8|33.04|3446.40
1803916|48.397010|9.090880|10|0.8|34.32|3465.00
1809926|48.396556|9.090923|10|0.8|29.56|3489.90
1815937|48.396224|9.090989|10|0.8|25.32|3517.00
1821959|48.395748|9.091150|10|0.8|33.91|3546.00
1827970|48.395236|9.091222|10|0.8|37.02|3572.20
1833980|48.394699|9.091337|10|0.8|35.78|3592.90
1839991|48.394191|9.091386|10|0.8|29.02|3614.20
1846002|48.393810|9.091526|10|0.8|32.43|3643.10
1852013|48.393398|9.091854|10|0.8|34.21|3665.70
1858026|48.392940|9.092079|10|0.8|29.48|3696.60
1864036|48.392555|9.092343|10|0.8|29.50|3730.80
1870046|48.392139|9.092782|10|0.8|37.26|3752.50
1876120|48.391616|9.093105|10|0.8|37.26|3779.40
1882248|48.391151|9.093470|10|0.8|33.48|3816.40
1888375|48.390632|9.093919|10|0.8|38.35|3842.90
1894501|48.390151|9.094213|10|0.8|28.58|3875.60
1900511|48.389785|9.094652|10|0.8|39.06|3902.80
1906521|48.389324|9.094982|10|0.8|31.15|3937.40
1912531|48.388957|9.095393|10|0.8|28.09|3973.80
1918544|48.388572|9.095624|10|0.8|33.76|4003.30
1924555|48.388053|9.096004|10|0.8|36.97|4035.00
1930566|48.387657|9.096497|10|0.8|31.00|4057.90
1936577|48.387294|9.096813|10|0.8|28.61|4082.60
1942587|48.386802|9.097089|9|0.8|37.69|4110.60
1948597|48.386249|9.097402|8|1.0|39.54|4136.00
1954607|48.385749|9.097693|10|0.8|32.60|4158.10
1960617|48.385349|9.098116|10|0.8|39.45|4184.70
1966628|48.384834|9.098654|10|0.8|40.52|4211.30
1972639|48.384353|9.098978|10|0.8|30.61|4234.80
1978650|48.383975|9.099370|10|0.8|33.50|4257.40
1984663|48.383487|9.099935|10|0.8|45.36|4284.60
1990673|48.383007|9.100314|10|0.8|31.80|4310.50
1996768|48.382518|9.100998|10|0.8|45.32|4336.60
2002896|48.381961|9.101640|10|0.8|48.10|4365.50
2009024|48.381423|9.102338|10|0.8|44.15|4386.60
2015135|48.380996|9.102946|10|0.8|33.82|4416.20
2021146|48.380489|9.103449|10|0.8|48.91|4445.30
2027157|48.380012|9.104176|10|0.8|38.11|4477.40
2033167|48.379486|9.104651|10|0.8|41.26|4503.70
2039177|48.378940|9.105186|10|0.8|50.93|4524.60
2045189|48.378448|9.105892|10|0.8|40.93|4556.00
2051200|48.378017|9.106514|10|0.8|37.47|4586.20
2057210|48.377498|9.107261|10|0.8|48.76|4613.90
2063221|48.376968|9.107796|10|0.8|38.00|4643.80
2069232|48.376510|9.108440|10|0.8|52.21|4675.00
2075243|48.375900|9.109137|10|0.8|53.54|4707.10
2081253|48.375247|9.109739|10|0.8|40.78|4729.60
2087263|48.374774|9.110406|10|0.8|45.28|4758.20
2093273|48.374187|9.111202|10|0.8|53.08|4782.20
2099283|48.373558|9.111792|10|0.8|44.11|4808.30
2105294|48.372917|9.112424|10|0.8|55.89|4834.30
2111307|48.372402|9.113155|10|0.8|40.91|4863.50
2117430|48.371723|9.113698|10|0.8|45.78|4893.10
2123560|48.371124|9.114118|10|0.8|41.32|4914.10
2129688|48.370651|9.114565|10|0.8|38.19|4934.50
2135783|48.370212|9.115190|10|0.8|45.39|4957.10
2141793|48.369655|9.115871|10|0.8|50.17|4982.20
2147803|48.369094|9.116316|10|0.8|36.69|5003.50
2153814|48.368667|9.116803|10|0.8|38.98|5024.50
2159824|48.368202|9.117405|10|0.8|45.13|5059.80
2165835|48.367679|9.118105|10|0.8|42.60|5096.00
2171848|48.367248|9.118660|10|0.8|46.63|5128.40
2177859|48.366638|9.119349|10|0.8|51.71|5152.50
2183869|48.366153|9.120127|10|0.8|40.34|5183.70
2189879|48.365692|9.120771|10|0.8|48.26|5214.20
2195889|48.365131|9.121438|10|0.8|48.08|5238.90
2201900|48.364593|9.122114|10|0.8|45.74|5263.20
2207910|48.364223|9.122790|10|0.8|42.04|5291.30
2213921|48.363800|9.123603|10|0.8|43.58|5325.50
2219932|48.363414|9.124099|10|0.8|31.80|5352.90
2225943|48.363025|9.124652|10|0.8|41.63|5384.10
2231971|48.362606|9.125408|10|0.8|41.63|5420.10
2238110|48.362159|9.126086|10|0.8|45.69|5420.10
2244239|48.361698|9.126948|10|0.8|46.39|5488.40
2250369|48.361362|9.127775|10|0.8|39.89|5509.50
2256415|48.360939|9.128531|10|0.8|52.08|5542.50
2262426|48.360515|9.129444|10|0.8|41.93|5579.20
2268437|48.360038|9.130217|10|0.8|53.50|5617.10
2274447|48.359664|9.131125|10|0.8|36.26|5650.60
2280457|48.359237|9.131823|10|0.8|45.17|5677.70
2286467|48.358825|9.132735|10|0.8|47.63|5714.20
2292477|48.358493|9.133477|10|0.8|42.86|5747.00
2298490|48.358112|9.134508|10|0.8|52.91|5773.60
2304501|48.357646|9.135344|10|0.8|44.28|5798.10
2310512|48.357322|9.136119|10|0.8|43.28|5825.10
2316523|48.356960|9.137098|10|0.8|51.39|5853.20
2322533|48.356498|9.137889|10|0.8|47.11|5878.30
2328543|48.356021|9.138622|10|0.8|41.32|5897.70
2334553|48.355621|9.139489|10|0.8|51.65|5917.60
2340563|48.355266|9.140454|10|0.8|50.24|5937.60
2346574|48.354888|9.141235|10|0.8|40.41|5958.20
2352604|48.354434|9.142040|10|0.8|40.41|5989.50
2358731|48.353790|9.143083|10|0.8|53.37|5989.50
2364870|48.353366|9.144096|10|0.8|50.65|6049.50
2370999|48.352973|9.145039|10|0.8|50.17|6066.80
2377042|48.352470|9.145858|10|0.8|56.43|6087.10
2383053|48.351924|9.146707|10|0.8|55.86|6118.40
2389064|48.351348|9.147442|10|0.8|38.82|6147.10
2395075|48.350921|9.148239|10|0.8|49.28|6167.60
2401085|48.350379|9.149165|10|0.8|57.75|6191.80
2407095|48.349914|9.150048|10|0.8|48.73|6227.70
2413105|48.349338|9.150911|10|0.8|54.13|6268.60
2419116|48.348796|9.151523|10|0.8|40.91|6298.90
2425128|48.348331|9.152453|10|0.8|57.78|6330.30
2431139|48.347702|9.153318|10|0.8|53.10|6358.20
2437150|48.347068|9.154077|10|0.8|49.67|6381.10
2443161|48.346542|9.154802|10|0.8|50.15|6399.30
2449171|48.345951|9.155691|10|0.8|47.76|6418.30
2455181|48.345504|9.156529|10|0.8|50.99|6443.40
2461191|48.345054|9.157527|10|0.8|60.21|6462.80
2467202|48.344516|9.158413|10|0.8|52.84|6481.60
2473232|48.343929|9.159278|10|0.8|52.84|6498.20
2479360|48.343280|9.160367|10|0.8|46.76|6498.20
2485487|48.342739|9.161147|10|0.8|52.63|6533.60
2491627|48.342136|9.162084|10|0.8|54.34|6551.50
2497670|48.341644|9.163113|10|0.8|60.17|6569.70
2503681|48.341133|9.164031|9|1.0|57.93|6586.70
2509691|48.340538|9.164951|9|1.0|49.95|6604.50
2515702|48.340068|9.165928|9|1.0|51.26|6620.40
2521713|48.339492|9.166896|9|1.0|61.00|6637.80
2527724|48.339015|9.167766|9|1.0|52.54|6655.20
2533734|48.338436|9.168686|9|1.0|53.21|6673.10
2539744|48.337966|9.169692|8|1.0|53.19|6692.00
2545754|48.337516|9.170552|9|1.0|55.43|6707.60
2551767|48.336994|9.171583|9|1.0|52.39|6728.60
2557777|48.336429|9.172500|9|1.0|60.17|6759.00
2563788|48.335914|9.173635|9|1.0|54.25|6787.80
2569799|48.335479|9.174719|9|1.0|61.10|6820.50
2575810|48.335079|9.175839|9|1.0|49.12|6848.90
2581820|48.334606|9.176720|9|1.0|56.50|6878.60
2587830|48.333999|9.177764|9|1.0|63.95|6903.50
2593859|48.333400|9.178809|9|1.0|63.95|6920.30
2599986|48.332859|9.179896|9|1.0|51.62|6920.30
2606113|48.332389|9.180814|9|1.0|58.69|6957.40
2612242|48.331821|9.181791|9|1.0|55.75|6975.80
2618301|48.331214|9.182875|9|1.0|61.25|6997.10
2624311|48.330684|9.184033|9|1.0|64.28|7022.10
2630321|48.330089|9.185173|9|1.0|64.01|7052.60
2636332|48.329559|9.186025|9|1.0|50.95|7081.10
2642342|48.329105|9.187104|9|1.0|66.19|7111.50
2648353|48.328517|9.188261|9|1.0|63.12|7133.00
2654364|48.328022|9.189278|9|1.0|49.87|7154.30
2660375|48.327518|9.190158|9|1.0|49.89|7176.30
2666385|48.326915|9.191150|9|1.0|65.36|7207.90
2672395|48.326297|9.192360|9|1.0|68.89|7231.90
2678406|48.325721|9.193522|9|1.0|61.02|7249.70
2684417|48.325222|9.194455|9|1.0|53.15|7271.50
2690427|48.324672|9.195374|9|1.0|62.15|7290.60
2696438|48.324115|9.196463|9|1.0|54.06|7314.30
2702449|48.323669|9.197632|9|1.0|51.26|7334.80
2708460|48.323173|9.198551|9|1.0|56.63|7354.40
2714506|48.322643|9.199480|9|1.0|56.63|7375.80
2720634|48.322097|9.200677|9|1.0|61.54|7375.80
2726761|48.321544|9.201832|9|1.0|63.80|7439.20
2732890|48.320934|9.202756|9|1.0|47.43|7470.40
2738925|48.320503|9.203697|9|1.0|60.10|7501.70
2744936|48.319915|9.204692|9|1.0|57.28|7537.20
2750946|48.319442|9.205510|9|1.0|48.71|7566.00
2756956|48.319034|9.206474|9|1.0|47.65|7592.80
2762967|48.318679|9.207476|9|1.0|49.89|7618.50
2768977|48.318233|9.208347|9|1.0|53.75|7637.30
2774988|48.317653|9.209389|9|1.0|64.62|7655.00
2780999|48.317089|9.210489|9|1.0|58.36|7673.80
2787010|48.316467|9.211467|9|1.0|55.58|7690.90
2793020|48.315971|9.212548|9|1.0|60.43|7708.70
2799030|48.315391|9.213501|10|0.9|62.95|7724.40
2805040|48.314865|9.214519|10|0.9|58.99|7742.20
2811052|48.314311|9.215506|10|0.9|50.54|7759.40
2817062|48.313682|9.216479|10|0.9|57.75|7775.00
2823073|48.313083|9.217605|10|0.9|66.80|7793.10
2829084|48.312492|9.218539|10|0.9|60.71|7808.70
2835113|48.311962|9.219525|10|0.9|60.71|7824.60
2841246|48.311302|9.220767|10|0.9|48.71|7824.60
2847376|48.310791|9.221700|10|0.9|50.39|7860.50
2853505|48.310264|9.222687|10|0.9|66.12|7879.00
2859575|48.309677|9.223705|10|0.9|66.21|7896.70
2865585|48.309127|9.224729|10|0.9|48.84|7916.50
2871597|48.308589|9.225726|10|0.9|50.56|7937.90
2877607|48.308055|9.226614|10|0.9|56.13|7959.70
2883618|48.307537|9.227602|10|0.9|67.51|7980.40
2889629|48.307018|9.228507|10|0.9|51.87|8002.10
2895640|48.306480|9.229485|10|0.9|60.02|8021.10
2901650|48.305931|9.230538|10|0.9|51.41|8044.30
2907660|48.305465|9.231433|10|0.9|51.36|8066.30
2913670|48.304988|9.232460|10|0.9|66.34|8086.40
2919681|48.304416|9.233560|10|0.9|63.47|8102.80
2925697|48.303867|9.234506|10|0.9|49.84|8124.40
2931707|48.303268|9.235455|10|0.9|54.49|8144.30
2937720|48.302806|9.236483|10|0.9|56.19|8163.60
2943731|48.302345|9.237431|10|0.9|63.80|8181.80
2949761|48.301780|9.238448|10|0.9|63.80|8204.70
2955892|48.301200|9.239674|10|0.9|49.39|8204.70
2962023|48.300804|9.240600|10|0.9|50.69|8263.10
2968152|48.300285|9.241517|10|0.9|56.13|8280.20
2974222|48.299762|9.242487|10|0.9|53.69|8299.20
2980232|48.299194|9.243375|10|0.9|53.58|8316.70
2986242|48.298667|9.244320|10|0.9|60.06|8334.40
2992252|48.298118|9.245339|10|0.9|54.25|8353.20
2998265|48.297657|9.246283|10|0.9|54.47|8371.90
3004276|48.297054|9.247156|10|0.9|55.54|8396.00
3010287|48.296535|9.248029|10|0.9|49.32|8431.10
3016298|48.296115|9.249114|10|0.9|62.62|8458.70
3022308|48.295516|9.250186|10|0.9|57.25|8479.30
3028318|48.294982|9.251251|10|0.9|58.45|8500.00
3034328|48.294406|9.252151|10|0.9|52.58|8516.30
3040338|48.293842|9.253156|10|0.9|61.02|8534.20
3046349|48.293262|9.254093|10|0.9|58.06|8555.10
3052360|48.292655|9.255114|10|0.9|59.08|8572.10
3058371|48.292175|9.256110|10|0.9|56.95|8591.00
3064395|48.291564|9.257066|10|0.9|55.04|8609.30
3070525|48.291011|9.258149|10|0.9|55.25|8609.30
3076655|48.290481|9.259059|9|1.0|60.50|8647.60
3082782|48.289985|9.260074|9|1.0|47.58|8665.50
3088868|48.289497|9.261009|9|1.0|56.08|8685.50
3094878|48.288909|9.262114|9|1.0|63.80|8709.70
3100888|48.288330|9.263219|9|1.0|60.04|8728.10
3106898|48.287876|9.264128|9|1.0|51.93|8748.60
3112909|48.287395|9.265193|9|1.0|56.49|8768.50
3118920|48.286853|9.266074|9|1.0|51.34|8788.50
3124933|48.286396|9.267039|9|1.0|45.47|8806.00
3130944|48.285888|9.268114|9|1.0|61.47|8824.50
3136954|48.285449|9.269232|9|1.0|63.86|8842.60
3142964|48.284862|9.270281|9|1.0|59.60|8858.80
3148974|48.284370|9.271184|9|1.0|50.69|8877.10
3154984|48.283821|9.272133|9|1.0|51.47|8894.60
3160995|48.283355|9.273234|9|1.0|54.30|8913.80
3167006|48.282859|9.274148|9|1.0|61.36|8932.40
3173017|48.282398|9.275224|9|1.0|59.93|8949.60
3179038|48.281845|9.276142|9|1.0|54.99|8966.80
3185168|48.281200|9.277402|9|1.0|51.06|8966.80
3191310|48.280628|9.278389|9|1.0|53.91|9008.10
3197438|48.280117|9.279415|9|1.0|71.21|9028.50
3203513|48.279544|9.280665|9|1.0|68.73|9048.40
3209523|48.279014|9.281705|9|1.0|55.84|9069.50
3215533|48.278385|9.282819|9|1.0|61.49|9086.30
3221543|48.277786|9.284071|9|1.0|70.30|9109.00
3227554|48.277305|9.285312|9|1.0|73.10|9133.20
3233565|48.276729|9.286517|9|1.0|70.73|9151.90
3239576|48.276130|9.287671|9|1.0|60.54|9170.90
3245587|48.275573|9.288906|9|1.0|58.62|9189.10
3251597|48.274948|9.290132|9|1.0|70.26|9206.50
3257609|48.274349|9.291152|9|1.0|65.56|9223.90
3263619|48.273788|9.292179|9|1.0|60.19|9239.60
3269629|48.273231|9.293381|9|1.0|63.93|9257.00
3275640|48.272560|9.294448|9|1.0|66.60|9276.20
3281651|48.272056|9.295533|9|1.0|58.02|9293.40
3287662|48.271457|9.296786|9|1.0|69.69|9310.80
3293672|48.270771|9.297948|9|1.0|70.56|9326.10
3299730|48.270172|9.298971|9|1.0|70.56|9343.30
3305858|48.269523|9.300324|9|1.0|62.12|9343.30
3311985|48.268829|9.301482|9|1.0|67.02|9380.60
3318125|48.268280|9.302499|9|1.0|67.34|9399.10
3324149|48.267696|9.303721|9|1.0|66.93|9415.20
3330160|48.266994|9.304864|9|1.0|64.51|9431.20
3336171|48.266319|9.305938|9|1.0|60.99|9446.20
3342181|48.265758|9.307039|9|1.0|67.15|9462.20
3348191|48.265045|9.308215|9|1.0|70.23|9477.90
3354201|48.264362|9.309197|9|1.0|57.08|9493.40
3360211|48.263683|9.310185|9|1.0|64.04|9509.30
3366222|48.263088|9.311302|9|1.0|68.99|9525.40
3372233|48.262390|9.312256|9|1.0|64.01|9541.40
3378244|48.261768|9.313219|9|1.0|61.04|9557.50
3384257|48.261089|9.314256|9|1.0|56.65|9573.50
3390267|48.260448|9.315278|9|1.0|61.56|9590.80
3396277|48.259811|9.316302|9|1.0|73.01|9606.30
3402287|48.259201|9.317251|9|1.0|57.75|9624.20
3408297|48.258541|9.318099|9|1.0|57.50|9640.70
3414327|48.257823|9.319134|8|1.1|57.50|9657.30
3420459|48.256977|9.320126|8|1.1|55.50|9657.30
3426587|48.256351|9.320983|9|1.0|64.32|9691.90
3432717|48.255641|9.321902|9|1.0|52.71|9708.10
3438774|48.254970|9.322728|9|1.0|69.36|9725.30
3444784|48.254253|9.323522|9|1.0|55.02|9741.10
3450797|48.253570|9.324240|9|1.0|59.47|9757.40
3456807|48.252857|9.325087|9|1.0|53.80|9774.70
3462818|48.252227|9.325834|9|1.0|59.45|9790.60
3468829|48.251487|9.326590|9|1.0|61.86|9805.50
3474840|48.250808|9.327486|8|1.0|56.45|9822.10
3480850|48.250106|9.328135|9|1.0|55.13|9838.00
3486860|48.249446|9.328994|9|1.0|59.23|9855.20
3492870|48.248786|9.329655|9|1.0|56.71|9872.30
3498881|48.248081|9.330531|9|1.0|55.86|9889.50
3504891|48.247432|9.331190|9|1.0|57.50|9906.40
3510904|48.246719|9.332035|9|1.0|51.45|9923.00
3516915|48.246105|9.332786|9|1.0|63.80|9940.80
3522926|48.245426|9.333590|9|1.0|53.41|9958.40
3528936|48.244773|9.334348|10|0.8|57.82|9975.90
3534964|48.244098|9.335136|10|0.8|57.82|9993.20
3541097|48.243324|9.336028|10|0.8|56.34|9993.20
3547228|48.242748|9.336855|10|0.8|57.80|10032.10
3553355|48.242046|9.337766|10|0.8|55.63|10048.60
3559428|48.241413|9.338666|10|0.8|56.02|10064.80
3565438|48.240772|9.339390|10|0.8|54.73|10085.00
3571449|48.240139|9.340340|10|0.8|56.67|10104.60
3577462|48.239456|9.341185|10|0.8|70.34|10124.40
3583473|48.238769|9.341995|10|0.8|57.54|10144.80
3589484|48.238155|9.342903|10|0.8|48.39|10163.60
3595494|48.237525|9.343717|10|0.8|60.47|10182.10
3601504|48.236827|9.344526|10|0.8|67.13|10202.00
3607514|48.236106|9.345519|10|0.8|61.52|10218.90
3613524|48.235481|9.346462|10|0.8|53.71|10238.00
3619535|48.234844|9.347240|10|0.8|61.06|10256.50
3625546|48.234092|9.348076|10|0.8|69.01|10281.40
3631557|48.233325|9.349067|10|0.8|57.08|10305.60
3637573|48.232707|9.349978|10|0.8|55.87|10327.10
3643584|48.231960|9.350831|10|0.8|73.10|10348.90
3649612|48.231262|9.351772|10|0.8|73.10|10371.90
3655746|48.230407|9.352884|10|0.8|52.84|10371.90
3661876|48.229629|9.353767|10|0.8|57.69|10416.10
3668004|48.228851|9.354707|10|0.8|75.64|10436.10
3674106|48.228034|9.355572|10|0.8|74.28|10455.20
3680128|48.227306|9.356616|10|0.8|67.25|10475.80
3686138|48.226608|9.357645|10|0.8|58.89|10496.50
3692149|48.225910|9.358538|10|0.8|59.63|10516.10
3698162|48.225116|9.359427|10|0.8|67.36|10537.30
3704173|48.224330|9.360362|10|0.8|75.02|10557.80
3710183|48.223609|9.361306|10|0.8|74.04|10582.70
3716193|48.222866|9.362421|10|0.8|61.75|10605.50
3722203|48.222064|9.363585|10|0.8|62.49|10626.80
3728214|48.221401|9.364561|10|0.8|68.65|10644.90
3734224|48.220638|9.365504|6|1.3|72.25|10666.50
3740235|48.219917|9.366582|8|1.0|59.75|10687.70
3746246|48.219161|9.367642|10|0.8|67.93|10708.70
3752257|48.218437|9.368602|10|0.8|62.06|10728.30
3758286|48.217647|9.369595|10|0.8|62.06|10749.50
3764415|48.216835|9.370796|10|0.8|71.43|10749.50
3770545|48.215980|9.371805|10|0.8|74.32|10792.50
3776672|48.215221|9.372933|10|0.8|62.30|10811.70
3782773|48.214530|9.374039|10|0.8|68.52|10831.00
3788784|48.213836|9.375185|10|0.8|75.64|10852.20
3794795|48.213062|9.376212|10|0.8|69.10|10876.80
3800805|48.212360|9.377278|10|0.8|72.52|10900.10
3806815|48.211559|9.378528|10|0.8|69.86|10924.70
3812825|48.210784|9.379776|10|0.8|70.56|10945.30
3818835|48.209957|9.380693|10|0.8|69.93|10966.90
3824848|48.209171|9.381627|10|0.8|74.65|10986.60
3830859|48.208324|9.382782|10|0.8|72.84|11007.30
3836870|48.207576|9.383893|9|1.0|60.97|11030.80
3842881|48.206863|9.384969|10|0.8|69.28|11050.60
3848891|48.206020|9.386009|10|0.8|81.65|11073.90
3854901|48.205146|9.387146|10|0.8|78.60|11095.10
3860911|48.204399|9.388215|10|0.8|66.78|11115.70
3866933|48.203681|9.389295|10|0.8|67.28|11136.60
3873063|48.202812|9.390461|10|0.8|54.08|11136.60
3879192|48.202152|9.391541|10|0.8|64.39|11177.50
3885333|48.201431|9.392597|10|0.8|75.95|11198.40
3891438|48.200763|9.393581|10|0.8|72.36|11218.30
3897448|48.200145|9.394801|10|0.8|67.43|11238.20
3903458|48.199501|9.396060|10|0.8|60.65|11258.10
3909468|48.198787|9.397252|10|0.8|66.80|11276.60
3915479|48.198127|9.398248|10|0.8|70.10|11295.70
3921489|48.197528|9.399463|10|0.8|74.32|11315.40
3927500|48.196807|9.400730|10|0.8|62.51|11335.60
3933511|48.196037|9.401913|10|0.8|70.01|11354.10
3939522|48.195365|9.403041|10|0.8|81.32|11373.30
3945534|48.194755|9.404338|10|0.8|73.65|11390.50
3951544|48.194038|9.405658|10|0.8|64.80|11409.30
3957554|48.193290|9.406813|10|0.8|67.10|11428.60
3963565|48.192672|9.407959|10|0.8|76.77|11446.20
3969575|48.191982|9.409265|10|0.8|75.14|11464.50
3975586|48.191162|9.410554|10|0.8|71.88|11481.30
3981679|48.190235|9.411866|10|0.8|68.39|11498.20
3987811|48.189514|9.413043|10|0.8|78.69|11517.30
3993940|48.188781|9.414337|10|0.8|85.40|11537.80
4000069|48.188079|9.415671|10|0.8|66.52|11558.80
4006098|48.187290|9.417085|10|0.8|74.65|11576.40
4012109|48.186531|9.418477|10|0.8|91.79|11596.00
4018120|48.185840|9.419919|10|0.8|86.84|11614.50
4024131|48.185024|9.421277|10|0.8|78.19|11632.60
4030141|48.184257|9.422597|10|0.8|73.75|11651.20
4036151|48.183521|9.424094|10|0.8|81.88|11668.30
4042161|48.182815|9.425496|10|0.8|78.41|11686.00
4048172|48.182228|9.426783|10|0.8|74.84|11702.60
4054182|48.181606|9.428168|10|0.8|80.28|11721.00
4060193|48.180931|9.429594|10|0.8|69.26|11741.20
4066204|48.180233|9.430770|10|0.8|63.97|11758.40
4072217|48.179653|9.431972|10|0.8|76.27|11778.60
4078227|48.179039|9.433363|10|0.8|72.67|11796.00
4084237|48.178310|9.434511|10|0.8|69.23|11812.40
4090265|48.177639|9.435611|10|0.8|69.23|11829.40
4096396|48.176807|9.437155|10|0.8|73.58|11829.40
4102525|48.176094|9.438415|10|0.8|74.36|11865.00
4108654|48.175399|9.439751|10|0.8|83.43|11882.90
4114723|48.174667|9.440968|10|0.8|71.12|11900.10
4120734|48.173942|9.442336|10|0.8|77.28|11916.90
4126745|48.173217|9.443646|10|0.8|70.10|11934.80
4132758|48.172451|9.444828|10|0.8|77.64|11956.30
4138768|48.171634|9.446062|10|0.8|88.54|11973.90
4144778|48.170860|9.447250|10|0.8|69.23|11993.30
4150788|48.169990|9.448474|10|0.8|78.60|12010.60
4156798|48.169181|9.449834|10|0.8|79.97|12027.00
4162809|48.168334|9.451164|10|0.8|89.04|12044.00
4168820|48.167407|9.452533|10|0.8|90.36|12061.10
4174831|48.166507|9.453799|10|0.8|72.60|12080.50
8262070|48.050899|9.740372|5|1.6|36.13|12099.70
8274080|48.050605|9.738391|6|1.6|43.37|12095.00
8280093|48.050590|9.737475|4|1.6|40.34|12093.00
8286104|48.050426|9.736364|6|1.6|49.04|12093.20
8292114|48.050369|9.735351|4|1.6|48.36|12094.30
8298124|48.050315|9.734158|7|1.6|59.69|12094.90
8304134|48.050262|9.732837|6|1.6|55.43|12095.70
8310145|48.050334|9.731663|6|1.6|47.56|12093.10
8316155|48.050361|9.730486|5|1.6|58.75|12093.10
8322166|48.050376|9.729256|5|1.6|52.23|12095.90
8334177|48.050434|9.727156|4|1.6|48.63|12096.20
8340205|48.050479|9.726206|4|1.6|48.63|12096.20
8346334|48.050605|9.724999|4|1.6|55.91|12096.20
8352475|48.050670|9.723855|6|1.6|48.43|12095.80
8358586|48.050670|9.723855|4|1.6|48.43|12095.80
8364596|48.050670|9.723855|5|1.6|48.43|12095.80
8370614|48.050781|9.720336|5|1.6|54.87|12092.80
8376624|48.050647|9.719091|4|1.6|55.71|12094.60
8382635|48.050537|9.717833|5|1.6|59.00|12094.60
8394646|48.050052|9.715342|5|1.6|55.37|12099.00
8400656|48.049709|9.714207|4|1.6|53.87|12099.20
8406666|48.049495|9.712916|5|1.6|59.50|12099.00
8412676|48.049186|9.711621|5|1.6|66.84|12099.10
8418689|48.048976|9.710144|7|1.6|73.28|12100.70
8424699|48.048839|9.708596|4|1.6|66.65|12099.70
8436710|48.048648|9.705790|5|1.6|63.82|12096.30
8442720|48.048671|9.704193|4|1.6|70.38|12098.70
8448730|48.048660|9.702841|3|1.6|59.00|12099.10
8454740|48.048736|9.701455|5|1.6|69.25|12098.80
8460751|48.048881|9.699911|6|1.6|63.58|12097.20
11125562|48.062679|9.310650|10|0.8|104.19|12041.80
11131572|48.061977|9.311936|10|0.8|90.84|11965.30
11137582|48.061336|9.313308|10|0.8|75.06|11890.20
11143595|48.060676|9.314744|10|0.8|55.82|11817.00
11149655|48.059963|9.316159|10|0.8|55.82|11744.40
11155782|48.059116|9.317517|10|0.8|52.99|11744.40
11161913|48.058311|9.318780|10|0.8|48.63|11589.50
11168044|48.057628|9.319997|10|0.8|71.30|11518.10
11174064|48.056903|9.321023|10|0.8|97.42|11449.60
11180075|48.056194|9.322083|10|0.8|99.30|11379.50
11186085|48.055400|9.323393|10|0.8|61.63|11310.90
11192096|48.054580|9.324620|10|0.8|44.91|11241.30
11198107|48.053752|9.325611|10|0.8|88.56|11174.40
11204120|48.053112|9.326552|10|1.1|95.66|11106.80
11210130|48.052433|9.327658|10|0.9|71.73|11037.50
11216140|48.051651|9.328727|10|0.8|37.35|10969.00
11222150|48.050716|9.329732|10|0.8|64.51|10902.10
11228161|48.049869|9.330512|10|0.8|94.49|10835.60
11234171|48.049137|9.331343|10|0.8|90.43|10769.20
11240182|48.048385|9.332350|10|0.8|49.80|10705.80
11246193|48.047473|9.333386|10|0.8|53.84|10640.90
11252204|48.046566|9.334195|10|0.8|92.27|10575.80
11258214|48.045806|9.334949|10|0.8|89.64|10511.80
11264226|48.045131|9.336034|10|0.8|50.78|10449.30
11270313|48.044193|9.337292|10|0.8|38.69|10386.30
11276441|48.043323|9.338341|10|0.8|67.21|10310.60
11282572|48.042465|9.339292|10|0.8|100.29|10248.10
11288684|48.041687|9.340231|10|0.8|97.54|10184.40
11294694|48.040901|9.341367|10|0.8|64.08|10123.60
11300704|48.039913|9.342541|10|0.8|55.52|10060.50
11306714|48.038887|9.343439|10|0.8|85.84|9998.00
11312724|48.038021|9.344249|10|0.8|99.32|9936.30
11318735|48.037258|9.345188|10|0.8|71.97|9876.40
11324748|48.036449|9.346217|10|0.8|35.67|9816.10
11330759|48.035648|9.347142|10|0.8|62.13|9753.50
11336770|48.034912|9.347978|10|0.8|87.62|9692.20
11342780|48.034358|9.348910|10|0.8|82.88|9632.10
11348790|48.033817|9.350131|10|0.8|47.11|9570.80
11354800|48.033130|9.351424|10|0.8|50.80|9509.60
11360811|48.032402|9.352561|10|0.8|90.62|9450.10
11366821|48.031764|9.353656|10|0.8|97.27|9390.50
11372832|48.031272|9.354978|10|0.8|59.56|9332.10
11378843|48.030635|9.356457|10|0.8|52.24|9274.20
11384854|48.029930|9.357680|10|0.8|94.29|9217.70
11390945|48.029239|9.359107|10|0.8|96.10|9161.70
11397075|48.028724|9.360404|10|0.8|66.34|9095.40
11403203|48.028144|9.361916|10|0.8|47.82|9039.10
11409313|48.027465|9.363206|10|0.8|84.77|8981.70
11415324|48.026947|9.364294|10|0.8|93.47|8927.10
11421335|48.026405|9.365661|10|0.8|58.95|8870.60
11427345|48.025733|9.367073|10|0.8|52.50|8815.10
11433355|48.024993|9.368248|10|0.8|96.08|8760.10
11439365|48.024532|9.369423|10|0.8|68.28|8708.20
11445376|48.023860|9.370895|10|0.8|54.54|8655.20
11451388|48.023162|9.371919|10|0.8|91.88|8602.20
11457399|48.022663|9.372994|10|0.8|68.15|8549.00
11463410|48.021919|9.374432|10|0.8|62.26|8499.60
11469421|48.021259|9.375352|10|0.8|89.75|8446.30
11475431|48.020751|9.376413|10|0.8|70.34|8391.80
11481441|48.020153|9.377643|10|0.8|39.69|8336.10
11487451|48.019363|9.378812|10|0.8|64.99|8280.20
11493462|48.018718|9.379602|10|0.8|87.32|8229.50
11499472|48.018291|9.380867|10|0.8|45.36|8177.90
11505503|48.017551|9.382144|10|0.8|62.62|8129.10
11511646|48.016712|9.383305|10|0.8|79.84|8129.10
11517773|48.016231|9.384150|10|0.8|73.39|8016.40
11523903|48.015670|9.385373|10|0.8|35.52|7963.90
11529950|48.014881|9.386349|10|0.8|78.90|7912.30
11535960|48.014354|9.387136|10|0.8|77.21|7860.50
11541976|48.013721|9.388464|10|0.8|45.82|7814.20
11547986|48.013175|9.389101|10|0.8|71.82|7774.00
11553997|48.012535|9.390261|10|0.8|50.95|7728.70
11560008|48.011947|9.391351|10|0.8|74.06|7674.70
11566019|48.011383|9.392482|10|0.8|83.40|7619.20
11572032|48.010826|9.393708|10|0.8|86.99|7563.80
11578042|48.010284|9.394961|10|0.8|81.69|7508.00
11584052|48.009738|9.396160|10|0.8|72.78|7453.10
11590062|48.009208|9.397311|10|0.8|58.15|7398.20
11596072|48.008728|9.398426|10|0.8|42.10|7344.60
11602083|48.008205|9.399537|10|0.8|45.15|7290.10
11608094|48.007698|9.400662|10|0.8|51.76|7233.70
11614105|48.007202|9.401753|10|0.8|61.00|7179.80
11620115|48.006690|9.402844|10|0.8|76.49|7125.30
11626144|48.006187|9.404022|10|0.8|76.49|7072.30
11632277|48.005641|9.405409|10|0.8|53.50|7072.30
11638419|48.005172|9.406531|10|0.8|44.21|6956.60
11644551|48.004695|9.407666|10|0.8|41.37|6902.50
11650585|48.004215|9.408890|10|0.8|42.74|6847.40
11656595|48.003780|9.410087|10|0.8|45.56|6791.30
11662605|48.003276|9.411236|10|0.8|57.80|6736.20
11668615|48.002780|9.412402|10|0.8|55.06|6682.50
11674626|48.002304|9.413504|10|0.8|64.12|6628.80
11680636|48.001773|9.414666|10|0.8|65.10|6574.40
11686647|48.001228|9.415752|10|0.8|71.84|6521.10
11692658|48.000701|9.416880|10|0.8|77.73|6466.30
11698671|48.000148|9.417948|10|0.8|76.73|6413.20
11704682|47.999610|9.419037|10|0.8|67.73|6359.40
11710692|47.999011|9.420128|10|0.8|74.84|6304.60
11716702|47.998451|9.421060|10|0.8|78.27|6252.20
11722712|47.997898|9.422075|10|0.8|76.02|6199.30
11728722|47.997341|9.423148|10|0.8|78.12|6144.90
11734733|47.996833|9.424190|10|0.8|77.64|6092.00
11740744|47.996330|9.425177|10|0.8|76.71|6036.30
11746765|47.995819|9.426216|10|0.8|66.19|5984.30
11752896|47.995193|9.427402|10|0.8|77.54|5984.30
11759037|47.994670|9.428388|10|0.8|78.77|5868.50
11765170|47.994155|9.429347|10|0.8|76.86|5815.20
11771220|47.993656|9.430374|10|0.8|75.41|5762.60
11777231|47.993160|9.431341|10|0.8|77.77|5710.20
11783242|47.992717|9.432302|10|0.8|76.02|5658.50
11789253|47.992233|9.433264|10|0.8|75.47|5605.70
11795264|47.991786|9.434204|10|0.8|61.80|5556.60
11801274|47.991333|9.435096|10|0.8|55.17|5505.70
11807284|47.990875|9.436033|10|0.8|57.89|5454.70
11813294|47.990413|9.437017|10|0.8|51.69|5405.30
11819307|47.989990|9.437948|10|0.8|47.61|5354.80
11825317|47.989585|9.438827|10|0.8|45.11|5304.00
11831328|47.989196|9.439701|10|0.8|37.21|5255.70
11837339|47.988773|9.440551|10|0.8|36.15|5205.60
11843350|47.988384|9.441429|10|0.8|35.23|5158.50
11849360|47.987968|9.442351|10|0.8|37.50|5108.90
11855370|47.987575|9.443282|10|0.8|25.13|5062.50
11861380|47.987117|9.444106|10|0.8|23.43|5013.50
11867409|47.986759|9.444974|10|0.8|23.43|4966.40
11873545|47.986389|9.445950|10|0.8|26.04|4966.40
11879674|47.985954|9.446831|10|0.8|24.89|4868.60
11885815|47.985549|9.447697|10|0.8|25.21|4822.00
11891968|47.985076|9.448546|10|0.8|32.65|4775.80
11897978|47.984619|9.449411|10|0.8|42.61|4730.40
11903989|47.984180|9.450178|10|0.8|41.84|4685.50
11910000|47.983692|9.450939|10|0.8|47.37|4640.10
11916011|47.983238|9.451642|10|0.8|54.06|4594.40
11922021|47.982799|9.452334|10|0.8|53.41|4549.40
11928031|47.982402|9.453022|10|0.8|48.84|4503.60
11934041|47.981964|9.453627|10|0.8|63.62|4460.80
11940051|47.981510|9.454184|10|0.8|61.63|4416.10
11946064|47.981094|9.454832|10|0.8|63.75|4371.00
11952075|47.980667|9.455448|10|0.8|58.60|4326.90
11958086|47.980285|9.456040|10|0.8|53.99|4283.00
11964118|47.979881|9.456658|10|0.8|53.99|4239.90
11970247|47.979400|9.457317|10|0.8|52.41|4239.90
11976377|47.979034|9.457864|10|0.8|47.71|4149.10
11982508|47.978744|9.458453|10|0.8|28.34|4106.90
11988550|47.978393|9.459055|10|0.8|15.80|4064.30
11994561|47.978057|9.459621|10|0.8|15.17|4020.90
12000571|47.977672|9.460196|10|0.8|30.54|3978.40
12006583|47.977272|9.460728|10|0.8|42.17|3935.10
12012594|47.976882|9.461174|10|0.8|50.17|3891.90
12018605|47.976547|9.461637|10|0.8|51.04|3849.50
12024616|47.976257|9.462108|10|0.8|44.54|3807.30
12030628|47.975978|9.462590|10|0.8|29.84|3765.50
12036640|47.975646|9.463033|10|0.8|14.13|3722.90
12042652|47.975299|9.463465|10|0.8|12.72|3681.40
12048664|47.974945|9.463809|10|0.8|31.32|3639.20
12054675|47.974597|9.464124|10|0.8|40.98|3596.60
12060686|47.974384|9.464312|10|0.8|39.60|3557.00
12066698|47.974174|9.464679|10|0.8|26.28|3516.40
12072708|47.973892|9.465083|10|0.8|6.02|3475.60
12078718|47.973560|9.465470|10|0.8|18.82|3435.20
12084750|47.973239|9.465853|10|0.8|18.82|3394.00
12090880|47.972934|9.466282|10|0.8|26.04|3394.00
12097009|47.972637|9.466525|10|0.8|38.00|3304.60
12103141|47.972400|9.466705|9|0.9|35.17|3264.20
12109173|47.972270|9.466901|9|1.2|16.67|3221.50
12115184|47.972026|9.467195|10|0.8|15.17|3181.00
12121195|47.971748|9.467435|10|0.8|4.67|3142.50
12127205|47.971500|9.467629|10|0.8|18.45|3102.10
12133217|47.971294|9.467669|10|0.8|31.61|3063.50
12139227|47.971195|9.467828|10|0.8|28.58|3025.40
12145238|47.971084|9.468134|10|0.8|17.98|2987.30
12151248|47.970947|9.468473|10|0.8|5.48|2950.80
12157259|47.970821|9.468919|10|0.8|24.65|2914.60
12163270|47.970767|9.469174|10|0.8|35.32|2877.10
12169281|47.970836|9.469367|10|0.8|19.45|2835.80
12175291|47.970985|9.469719|10|0.8|16.26|2794.60
12181301|47.971084|9.470039|10|0.8|30.09|2757.20
12187311|47.971179|9.470061|10|0.8|23.80|2726.30
12193324|47.971305|9.470273|10|0.8|6.89|2694.80
12199334|47.971462|9.470696|10|0.8|31.82|2660.40
12205345|47.971534|9.470858|10|0.8|33.87|2625.00
12211429|47.971794|9.471139|10|0.8|14.02|2586.00
12217561|47.971878|9.471591|10|0.8|18.83|2535.40
12223689|47.971813|9.471750|10|0.8|30.28|2493.40
12229800|47.971927|9.471885|10|0.8|13.76|2452.70
12235811|47.971927|9.472418|10|0.8|25.98|2413.40
12241822|47.971862|9.472598|10|0.8|32.15|2372.10
12247833|47.971973|9.473071|10|0.8|3.70|2328.90
12253846|47.971973|9.473657|10|0.8|21.89|2281.20
12259856|47.971889|9.474142|10|0.8|36.47|2230.00
12265866|47.971893|9.474506|10|0.8|34.71|2183.90
12271876|47.971942|9.474761|10|0.8|23.59|2145.60
12277886|47.972015|9.475118|10|0.8|5.70|2108.10
12283897|47.972034|9.475492|10|0.8|13.41|2068.80
12289908|47.971988|9.475804|10|0.8|27.02|2030.80
12295919|47.971977|9.475971|10|0.8|26.95|1988.90
12301930|47.972103|9.475987|10|0.8|13.08|1943.10
12307940|47.972267|9.476121|10|0.8|18.02|1901.10
12313952|47.972164|9.476140|10|0.8|16.52|1863.40
12319962|47.972209|9.475990|10|0.8|13.96|1819.90
12325972|47.972389|9.475957|10|0.8|19.26|1774.00
12332004|47.972354|9.476097|10|0.8|19.26|1732.50
12338134|47.972278|9.476062|10|0.8|17.11|1732.50
12344263|47.972347|9.475949|10|0.8|17.85|1648.10
12350397|47.972358|9.476016|10|0.8|18.26|1605.80
12356440|47.972240|9.476011|10|0.8|16.95|1561.30
12362450|47.972171|9.475911|10|0.8|18.83|1514.00
12368461|47.972198|9.475781|10|0.8|20.45|1465.80
12374472|47.972175|9.475791|10|0.8|21.98|1417.10
12380488|47.971992|9.475816|10|0.8|12.08|1373.40
12386499|47.971935|9.475646|10|0.8|22.80|1330.30
12392509|47.971939|9.475703|10|0.8|20.02|1285.10
12398519|47.971820|9.475749|10|0.8|16.48|1241.80
12404529|47.971767|9.475618|10|0.8|21.52|1202.70
12410540|47.971813|9.475590|10|0.8|19.76|1161.00
12416550|47.971675|9.475656|10|0.8|13.63|1119.20
12422561|47.971626|9.475478|10|0.8|17.33|1076.30
12428572|47.971702|9.475681|10|0.8|12.80|1038.90
12434583|47.971580|9.475621|10|0.8|17.30|1003.90
12440595|47.971672|9.475669|10|0.8|17.30|968.30
12446605|47.971622|9.475789|10|0.8|14.61|928.50
12452675|47.971469|9.475775|10|0.8|14.61|888.80
12458804|47.971427|9.475715|10|0.8|21.41|844.30
12464932|47.971485|9.475819|10|0.8|18.35|808.70
12471056|47.971412|9.475920|10|0.8|12.19|773.90
12477067|47.971366|9.475757|10|0.8|20.39|738.60
12483077|47.971347|9.475988|10|0.8|13.89|709.50
12489088|47.971141|9.475951|10|0.8|18.13|687.00
12495098|47.971210|9.475984|10|0.8|15.37|662.70
